
$orca_hessian_file

$act_atom
  0

$act_coord
  0

$act_energy
        0.000000

$multiplicity
  1

$hessian
12
                    0                  1                  2                  3                  4        
    0      6.1271162573E-01  -2.8085260380E-07  -3.7016697718E-10  -3.5409096975E-01  -1.8485686439E-07
    1     -2.8085260380E-07   6.1277330754E-01   1.4417731668E-07   3.2938214716E-07  -5.4384526843E-02
    2     -3.7016697718E-10   1.4417731668E-07   2.6302325142E-02  -1.2015271326E-07   1.1631064233E-07
    3     -3.5409096975E-01   3.2938214716E-07  -1.2015271326E-07   3.6833654301E-01  -1.0525439309E-08
    4     -1.8485686439E-07  -5.4384526843E-02   1.1631064233E-07  -1.0525439309E-08   4.5472668149E-02
    5     -2.4654275628E-07  -1.7339877693E-07  -8.8056456326E-03   1.7054657380E-07   3.7114986973E-08
    6     -1.2931043731E-01  -1.2979544384E-01  -2.3918457982E-08  -7.1228141626E-03  -2.3683760612E-02
    7     -1.2978463806E-01  -2.7919430129E-01  -3.5170838506E-08   3.6489228721E-03   4.4558889779E-03
    8      7.4010828959E-08   1.0562975610E-07  -8.7484083795E-03  -4.7023613341E-09  -1.8110053608E-08
    9     -1.2931021867E-01   1.2979573688E-01   1.9840824938E-07  -7.1227590979E-03   2.3683792626E-02
   10      1.2978476219E-01  -2.7919447941E-01  -1.2896315676E-07  -3.6490783603E-03   4.4559697161E-03
   11      1.1893518314E-07  -1.7276225960E-07  -8.7482711297E-03  -1.0887057533E-08  -3.6518572831E-11
                    5                  6                  7                  8                  9        
    0     -2.4654275628E-07  -1.2931043731E-01  -1.2978463806E-01   7.4010828959E-08  -1.2931021867E-01
    1     -1.7339877693E-07  -1.2979544384E-01  -2.7919430129E-01   1.0562975610E-07   1.2979573688E-01
    2     -8.8056456326E-03  -2.3918457982E-08  -3.5170838506E-08  -8.7484083795E-03   1.9840824938E-07
    3      1.7054657380E-07  -7.1228141626E-03   3.6489228721E-03  -4.7023613341E-09  -7.1227590979E-03
    4      3.7114986973E-08  -2.3683760612E-02   4.4558889779E-03  -1.8110053608E-08   2.3683792626E-02
    5      2.9511569723E-03  -9.4837302157E-10  -2.9854690123E-08   2.9272327182E-03   4.2140113836E-08
    6     -9.4837302157E-10   1.2620266467E-01   1.3980762148E-01  -3.2711853705E-08   1.0230586806E-02
    7     -2.9854690123E-08   1.3980762148E-01   2.8762007309E-01   4.8737696019E-08  -1.3678108995E-02
    8      2.9272327182E-03  -3.2711853705E-08   4.8737696019E-08   2.8895018983E-03   1.9931588678E-08
    9      4.2140113836E-08   1.0230586806E-02  -1.3678108995E-02   1.9931588678E-08   1.2620239096E-01
   10      3.0859422961E-08   1.3677785669E-02  -1.2881660782E-02  -1.3441824020E-07  -1.3980744501E-01
   11      2.9272559422E-03   1.0504821098E-09   1.4448674294E-08   2.9316737631E-03  -1.8478927981E-07
                   10                 11        
     0      1.2978476219E-01   1.1893518314E-07
     1     -2.7919447941E-01  -1.7276225960E-07
     2     -1.2896315676E-07  -8.7482711297E-03
     3     -3.6490783603E-03  -1.0887057533E-08
     4      4.4559697161E-03  -3.6518572831E-11
     5      3.0859422961E-08   2.9272559422E-03
     6      1.3677785669E-02   1.0504821098E-09
     7     -1.2881660782E-02   1.4448674294E-08
     8     -1.3441824020E-07   2.9316737631E-03
     9     -1.3980744501E-01  -1.8478927981E-07
    10      2.8762017047E-01   1.9543603894E-07
    11      1.9543603894E-07   2.8893414244E-03

$vibrational_frequencies
12
    0        0.0000000000000000
    1        0.0000000000000000
    2        0.0000000000000000
    3        0.0000000000000000
    4        0.0000000000000000
    5        0.0000000000000000
    6      536.3799994896925227
    7     1408.6931182368898590
    8     1408.7294624746380123
    9     3110.7166858331675030
   10     3285.8801312316340955
   11     3286.0603367755556974

$normal_modes
12 12
                    0                  1                  2                  3                  4        
    0      0.0000000000E+00   0.0000000000E+00   0.0000000000E+00   0.0000000000E+00   0.0000000000E+00
    1      0.0000000000E+00   0.0000000000E+00   0.0000000000E+00   0.0000000000E+00   0.0000000000E+00
    2      0.0000000000E+00   0.0000000000E+00   0.0000000000E+00   0.0000000000E+00   0.0000000000E+00
    3      0.0000000000E+00   0.0000000000E+00   0.0000000000E+00   0.0000000000E+00   0.0000000000E+00
    4      0.0000000000E+00   0.0000000000E+00   0.0000000000E+00   0.0000000000E+00   0.0000000000E+00
    5      0.0000000000E+00   0.0000000000E+00   0.0000000000E+00   0.0000000000E+00   0.0000000000E+00
    6      0.0000000000E+00   0.0000000000E+00   0.0000000000E+00   0.0000000000E+00   0.0000000000E+00
    7      0.0000000000E+00   0.0000000000E+00   0.0000000000E+00   0.0000000000E+00   0.0000000000E+00
    8      0.0000000000E+00   0.0000000000E+00   0.0000000000E+00   0.0000000000E+00   0.0000000000E+00
    9      0.0000000000E+00   0.0000000000E+00   0.0000000000E+00   0.0000000000E+00   0.0000000000E+00
   10      0.0000000000E+00   0.0000000000E+00   0.0000000000E+00   0.0000000000E+00   0.0000000000E+00
   11      0.0000000000E+00   0.0000000000E+00   0.0000000000E+00   0.0000000000E+00   0.0000000000E+00
                    5                  6                  7                  8                  9        
    0      0.0000000000E+00   5.9332438248E-08  -8.6523973029E-04  -9.2613184810E-02   2.4197164791E-05
    1      0.0000000000E+00  -1.2731154120E-08   9.2612092951E-02  -8.6528551703E-04  -3.2110948614E-07
    2      0.0000000000E+00   1.4384727367E-01  -1.3711870120E-08   9.8092087836E-08  -3.8471852920E-08
    3      0.0000000000E+00   3.3789656544E-07  -6.9013004103E-04  -7.3862354725E-02   5.7718727696E-01
    4      0.0000000000E+00  -9.6202806969E-08  -8.0958871110E-01   7.5638833733E-03   3.4960849705E-07
    5      0.0000000000E+00  -5.7135526584E-01   5.7646086347E-08  -4.8912847586E-08   1.5271955061E-07
    6      0.0000000000E+00  -3.9533390873E-07   3.8805685407E-01   5.8513120098E-01  -2.8873699950E-01
    7      0.0000000000E+00   2.9281902952E-07  -1.5054825996E-01  -3.8120455913E-01  -5.0005616382E-01
    8      0.0000000000E+00  -5.7134105566E-01   3.4792633654E-07  -5.6271697422E-07   1.5284825153E-07
    9      0.0000000000E+00  -6.4954868420E-07  -3.7705680895E-01   5.9227972791E-01  -2.8873860300E-01
   10      0.0000000000E+00  -4.4915932667E-08  -1.4339859286E-01   3.8395113641E-01   5.0005964045E-01
   11      0.0000000000E+00  -5.7134098415E-01  -2.4218624035E-07  -5.5720357797E-07   1.5285027867E-07
                   10                 11        
     0      1.0012354594E-01  -1.7671662737E-04
     1      1.7666729438E-04   1.0012458850E-01
     2      1.4840841573E-08   3.0253203973E-08
     3     -8.1234835003E-01   1.4354498825E-03
     4      2.9964781520E-05   1.6845711530E-02
     5     -4.2728102162E-07  -1.1951424912E-07
     6     -1.9097947513E-01  -3.5866481900E-01
     7     -3.5995429349E-01  -6.0431704660E-01
     8      1.2578396152E-07   1.9850407117E-07
     9     -1.8971176833E-01   3.5933506695E-01
    10      3.5781921871E-01  -6.0558068125E-01
    11      1.2465842118E-07  -4.3947715630E-07

#
# The atoms: label  mass x y z (in bohrs)
#
$atoms
4
 C     12.01100      0.000003409176    -0.000000014820    -0.000000189958
 H      1.00800      2.039376549715     0.000000551816     0.000000754491
 H      1.00800     -1.019709013101    -1.766159126418     0.000000754491
 H      1.00800     -1.019708159247     1.766158751197     0.000000754491

$actual_temperature
  0.000000

$frequency_scale_factor
  1.000000

$dipole_derivatives
12
    1.9267702983E-02    2.5339183218E-08    1.4455976126E-09
    7.5216871649E-08    1.9020941567E-02   -5.7596370792E-12
   -2.3995207973E-09    4.7059505968E-10   -4.5674676777E-01
   -5.5398912216E-02    7.0896489560E-08   -5.1409262138E-08
   -1.5930108631E-07    4.2763766786E-02    2.3407430294E-10
   -1.4958993738E-07   -2.5416363970E-10    1.5243002730E-01
    1.8075440019E-02   -4.2498787269E-02    2.4480662500E-08
   -4.2575483718E-02   -3.0878716159E-02    4.2288777624E-08
    7.6305489471E-08    1.3170306427E-07    1.5218948620E-01
    1.8075370171E-02    4.2498691882E-02    2.5367277531E-08
    4.2575575378E-02   -3.0878892567E-02   -4.2754884164E-08
    7.5801628824E-08   -1.3123382235E-07    1.5218964308E-01

#
# The IR spectrum
#  wavenumber eps Int TX TY TZ
#
$ir_spectrum
12
      0.00   0.00000000   0.00000000     0.000000     0.000000     0.000000
      0.00   0.00000000   0.00000000     0.000000     0.000000     0.000000
      0.00   0.00000000   0.00000000     0.000000     0.000000     0.000000
      0.00   0.00000000   0.00000000     0.000000     0.000000     0.000000
      0.00   0.00000000   0.00000000     0.000000     0.000000     0.000000
      0.00   0.00000000   0.00000000     0.000000     0.000000     0.000000
    536.38   0.01666247  84.20530698    -0.000000    -0.000000    -0.098459
   1408.69   0.00055470   2.80324279     0.000103    -0.011085     0.000000
   1408.73   0.00055209   2.79005028     0.011058     0.000104    -0.000000
   3110.72   0.00000001   0.00002706     0.000023    -0.000000     0.000000
   3285.88   0.00086007   4.34645964     0.009038     0.000016    -0.000000
   3286.06   0.00085735   4.33271414    -0.000016     0.009023    -0.000000


$end

